60 60
222222222222222222222222222222222222222222222222222222222222
222222222222222222222222222222222222222222222222222222222222
222222222222222222222222222222222222222222222222222222222222
222222222222222222222222222222222222222222222222222222222222
222222222222222222222222222222222222222222222222222222222222
222222222222222222222222222222222222222222222222222222222222
222222222222222222222222222222222222222222222222222222222222
222222222222222222222222222222222222222222222222222222222222
222222222222222222222222222222222222222222222222222222222222
222222222222222222222222222222222222222222222222222222222222
222222222222222222222222222222222222222222222222222222222222
222222222222222222222222222222222222222222222222222222222222
222222222222222222222222222222222222222222222222222222222222
222222222222222222222222222222222222222222222222222222222222
222222222222222222222222222222222222222222222222222222222222
222222222222222222222222222222222222222222222222222222222222
222222222222222222222222222222222222222222222222222222222222
222222222222222222222222222222222222222222222222222222222222
222000022222222222222222222222222222222222222222222222222222
222222122222222222222222222222222222222222222222222222222222
222222222222222222222222222222222022222222222222222222222222
222222222222222022222222222222222222220222222222222222222222
222222222222220012222222222222222222000022222222222222222222
222222222222222222222222222222222220000002222222222222222222
222222222222222222222222222222222222221100002222222222222222
222222222222222222222222222222222222222222022222222222222222
222222222222000112222222222222222222222222222222222222222222
222222222222222222222222222222222222222222222222222222222222
222222222222222222222222222222222222111122222222222222222222
222222222222222222222222222222222222220000002222222222222222
222222222222222222222222222222222222222200022222222222222222
222222222222222222202222222222222222222222222222222222222222
222222222002222222222222222222222222222222222222222222222222
222222222022222222222222222122222222222222222222222222222222
222222222222222222222222200002222222222222222222222222222222
222222222222222222222220002222222222222222222222222222222222
222222222222222222222222222222200022222222222222222222222222
222222200022222222222222222200022202222222222222222222222222
011000000222200022000001000022222222220000000100000000000001
222222222222222222222222222222222222000022222222222222222222
222222222222222222222222222222222000222222222222222222222222
222222222222222222222222222222222220022222222222222222222222
222222222222222222222222222222222222222222222222222222222222
222222222222222222222222222222222222222222222222222222222222
222222222222222222222222222222222222222222222222222222222222
222222222222222222222222222222222222222222222222002222222222
222222222222222222222222222222222222222222222222212222222222
222222222222222210000000222222222222222222222222222222222222
222222222222222200002222122222222222222222222222222222222222
222222222222222002222222202222222222222222222222222222222222
222222222222222102222222221222222222222202222222222222222222
222222222222222222222222222222222222222000222222222222222222
222222222222222222222222222222222222222222222222222222222222
222222222222222222222222222222222222222222222222222222222222
222222222222222222222222222222222022222222222222221122222222
222222222222222222222222222222222222222222222222222000000222
222222222222221000222222222222222222222222222221222222000002
222222222222211222222222222222222222222222200002220000022002
222221000002222222222222222222222222222220002222222000002200
222202222222222222222222222222222222222222000000222210000000
