60 60
222222222222222222222222222222222222222222222222222222222222
222222222222222222222222222222222222222222222222222222222222
222222222222222222222222222222222222222222222222222222222222
222222222222222222222222222222222222222222222222222222222222
222222222222222222222222222222222222222222222222222222222222
111111111111111111111111111111111111111111111111111111111111
000000000000000000000000000000000000000000000000000000000000
000000000000000000000000000000000000000000000000000000000000
000000000000000000000000000000000000000000000000000000000000
000000000000000000000000000000000000000000000000000000000000
000000000000000000000000000000000000000000000000000000000000
000000000000000000000000000000000000000000000000000000000000
000000000000000000000000000000000000000000000000000000000000
222222222222222222222222222222222222222222222222222222222222
222222222222222222222222222222222222222222222222222222222222
222222222222222222222222222222222222222222222222222222222222
222222222222222222222222222222222222222222222222222222222222
222222222222222222222222222222222222222222222222222222222222
222222222222222222222222222222222222222222222222222222222222
222222222222222222222222222222222222222222222222222222222222
222222222222222222222222222222222222222222222222222222222222
222222222222222222222222222222222222222222222222222222222222
222222222222222222222222222222222222222222222222222222222222
222222222222222222222222222222222222222222222222222222222222
222222222222222222222222222222222222222222222222222222222222
222222222222222222222222222222222222222222222222222222222222
222222222222222222222222222222222222222222222222222222222222
222222222222222222222222222222222222222222222222222222222222
222222222222222222222222222222222222222222222222222222222222
222222222222222222222222222222222222222222222222222222222222
222222222222222222222222222222222222222222222222222222222222
222222222222222222222222222222222222222222222222222222222222
222222222222222222222222222222222222222222222222222222222222
222222222222222222222222222222222222222222222222222222222222
111111111111111111111111111111111111111111111111111111111111
000000000000000000000000000000000000000000000000000000000000
000000000000000000000000000000000000000000000000000000000000
000000000000000000000000000000000000000000000000000000000000
000000000000000000000000000000000000000000000000000000000000
222222222222222222222222222222222222222222222222222222222222
222222222222222222222222222222222222222222222222222222222222
222222222222222222222222222222222222222222222222222222222222
222222222222222222222222222222222222222222222222222222222222
222222222222222222222222222222222222222222222222222222222222
222222222222222222222222222222222222222222222222222222222222
222222222222222222222222222222222222222222222222222222222222
222222222222222222222222222222222222222222222222222222222222
222222222222222222222222222222222222222222222222222222222222
222222222222222222222222222222222222222222222222222222222222
222222222222222222222222222222222222222222222222222222222222
222222222222222222222222222222222222222222222222222222222222
222222222222222222222222222222222222222222222222222222222222
222222222222222222222222222222222222222222222222222222222222
222222222222222222222222222222222222222222222222222222222222
222222222222222222222222222222222222222222222222222222222222
222222222222222222222222222222222222222222222222222222222222
222222222222222222222222222222222222222222222222222222222222
222222222222222222222222222222222222222222222222222222222222
222222222222222222222222222222222222222222222222222222222222
222222222222222222222222222222222222222222222222222222222222
